0.00418097200462364,0.9962779337330242,0.33329948906736123,0.3333258965838589,0.33337461434877974
0.004720022703022075,1.0030747182236144,0.33322586603475,0.33332621214418334,0.33344792182106664
0.002256982796029372,1.0061391887592495,0.3331391992447999,0.33333855679920915,0.3335222439559909
0.0010857077657352443,1.0097368932938777,0.3330473132631615,0.3333681264511014,0.3335845602857371
-0.0007247949452482416,1.011454808925802,0.33296541031377913,0.3334153263833738,0.33361926330284714
-0.0016339932470099683,1.013214176044334,0.33289758583714274,0.3334808756212216,0.33362153854163573
-0.002659399237095017,1.0139611145415937,0.33284988257757403,0.33356332618500034,0.3335867912374256
-0.0031997106565107014,1.014530713694648,0.3328229837516595,0.3336610725640775,0.3335159436842629
-0.003691233755498402,1.0145417052676127,0.33281817260841606,0.3337720129857815,0.3334098144058025
-0.0039235862781400455,1.0143412239538983,0.33283528273717056,0.3338938024856071,0.3332709147772223
-0.004070208585068236,1.0138252555362943,0.33287776242557976,0.3340243746635383,0.33309786291088195
-0.004072823876331788,1.0131392886964459,0.33294406865682047,0.33415899876545446,0.3328969325777251
-0.00400023123107518,1.0122755406711743,0.33302754407822494,0.33429424366756405,0.33267821225421107
-0.0038453783726632995,1.0113009116046365,0.33312390505544515,0.33442690896593325,0.3324491859786216
-0.0036381323976086843,1.0102331933133877,0.3332278773712904,0.3345546840845401,0.33221743854416946
-0.003385014505905559,1.0091082944878813,0.33333602219516606,0.3346755161922597,0.33198846161257417
-0.003101320435139554,1.0079461384484314,0.3334448482903347,0.3347879288568263,0.331767222852839
-0.002795081689135781,1.0067687942603347,0.3335519416913191,0.3348907301339408,0.33155732817474026
-0.0024754284207271215,1.0055922163044975,0.3336551488333038,0.33498312173940925,0.33136172942728703
-0.0021488412383872113,1.0044308530554173,0.33375291190230477,0.33506455349090736,0.3311825346067879
-0.0018212039225524723,1.0032960322313693,0.333844046417796,0.3351346992923475,0.33102125428985646
-0.0014971007734390085,1.002197181663893,0.3339276900087388,0.3351934559192469,0.3308788540720144
-0.0011803444282429965,1.001141709769972,0.3340032497577181,0.3352408741628751,0.33075587607940676
-0.0008739309001593032,1.0001354292410012,0.33407037902099557,0.3352771331452981,0.3306524878337064
-0.0005802198452632412,0.9991827052541526,0.3341289020341616,0.3353025116232233,0.33056858634261516
-0.00030100026332335883,0.9982866812958155,0.3341788397134135,0.3353174107294797,0.33050374955710676
-3.75855530359015e-05,0.9974494406885653,0.3342202965767421,0.3353222593731598,0.330457444050098
0.0002091183589226775,0.9966721644584581,0.33425349171183505,0.33531755198900093,0.3304289562991641
0.00043854790745934125,0.9959552650806158,0.33427872192886415,0.3353038211356893,0.3304174569354465
0.0006504273308542974,0.9952985066339386,0.33429634504778377,0.33528162666877875,0.3304220282834376
0.000844720488847539,0.9947011099642186,0.33430676154209493,0.3352515430234771,0.330441695434428
0.0010215893229927886,0.9941618455128344,0.3343104056984911,0.335214155325649,0.3304754389758599
0.0011813577913736273,0.9936791148033653,0.33430773100655825,0.33517004826692676,0.33052222072651505
0.0013244807246989287,0.9932510219342052,0.33429920325947415,0.3351198025744358,0.3305809941660901
0.0014515169579236709,0.9928754361258166,0.33428529277137103,0.33506398980750113,0.3306507174211278
0.0015631062183906197,0.9925500463055602,0.3342664680472696,0.3350031681491674,0.3307303638035629
0.0016599492983458974,0.9922724085926585,0.33424319196306884,0.33493788034297245,0.33081892769395876
0.0017427911011138608,0.9920399874581771,0.33421591326078487,0.3348686466330901,0.3309154401061251
0.0018124061987176976,0.9918501912514054,0.33418506770731726,0.3347959671077974,0.33101896518488527
0.001869586583177596,0.9917004027118173,0.33418506770731726,0.3347959671077974,0.33101896518488527
0.0019151313323911845,0.9915880050209716,0.33418506770731726,0.3347959671077974,0.33101896518488527
0.0019498379456652781,0.991510403891263,0.33418506770731726,0.3347959671077974,0.33101896518488527
0.001974495133942211,0.991465046137283,0.33418506770731726,0.3347959671077974,0.33101896518488527
0.0019898768760536756,0.99144943512971,0.33418506770731726,0.3347959671077974,0.33101896518488527
0.0019967375754574856,0.9914611434910656,0.33418506770731726,0.3347959671077974,0.33101896518488527
0.0019958081721296317,0.9914978233559985,0.33418506770731726,0.3347959671077974,0.33101896518488527
0.001987793082012357,0.9915572144860161,0.33418506770731726,0.3347959671077974,0.33101896518488527
0.001973367852002972,0.991637150499344,0.33418506770731726,0.3347959671077974,0.33101896518488527
0.0019531774320717954,0.9917355634500705,0.33418506770731726,0.3347959671077974,0.33101896518488527
0.001927834978065479,0.9918504869669619,0.33418506770731726,0.3347959671077974,0.33101896518488527
0.0018979211092432502,0.9919800581409047,0.33418506770731726,0.3347959671077974,0.33101896518488527
0.0018639835538092342,0.9921225183306154,0.33418506770731726,0.3347959671077974,0.33101896518488527
0.0018265371237845551,0.9922762130385955,0.33418506770731726,0.3347959671077974,0.33101896518488527
0.0017860639677067525,0.9924395909936033,0.33418506770731726,0.3347959671077974,0.33101896518488527
0.0017430140558987173,0.9926112025614915,0.33418506770731726,0.3347959671077974,0.33101896518488527
0.0016978058585925826,0.9927896975932226,0.33418506770731726,0.3347959671077974,0.33101896518488527
0.0016508271820704357,0.9929738228071303,0.33418506770731726,0.3347959671077974,0.33101896518488527
0.0016024361322910519,0.9931624187916447,0.33418506770731726,0.3347959671077974,0.33101896518488527
0.0015529621793055615,0.9933544167050903,0.33418506770731726,0.3347959671077974,0.33101896518488527
0.0015027072991432577,0.9935488347403456,0.33413524570064573,0.3347054032220309,0.33115935107732336
0.0014519471728313693,0.9937447744139587,0.3340865191148391,0.3346167212438847,0.3312967596412762
0.0014009324249057986,0.9939414167323187,0.3340389743290089,0.33453001498471224,0.3314310106862788
0.001349889886119393,0.9941380182806911,0.33399268599362286,0.3344453647768373,0.33156194922953985
0.001299023867149307,0.9943339072750484,0.33394771480128,0.33436283543314343,0.33168944976557646
0.0012485174319961656,0.9945284796112512,0.33390411124385627,0.33428248002807126,0.3318134087280724
0.001198533661420309,0.9947211949412755,0.33390411124385627,0.33428248002807126,0.3318134087280724
0.0011492168982383255,0.9949115728017547,0.33390411124385627,0.33428248002807126,0.3318134087280724
0.0011006939676232452,0.9950991888162363,0.33390411124385627,0.33428248002807126,0.3318134087280724
0.0010530753667227222,0.9952836709889827,0.33390411124385627,0.33428248002807126,0.3318134087280724
0.001006456418933821,0.9954646961049579,0.33390411124385627,0.33428248002807126,0.3318134087280724
0.0009609183891056139,0.9956419862478864,0.33390411124385627,0.33428248002807126,0.3318134087280724
0.0009165295567451492,0.9958153054457011,0.33390411124385627,0.33428248002807126,0.3318134087280724
0.0008733462450186691,0.9959844564504998,0.33390411124385627,0.33428248002807126,0.3318134087280724
0.0008314138039740016,0.9961492776581624,0.33390411124385627,0.33428248002807126,0.3318134087280724
0.0007907675469461806,0.9963096401710247,0.33390411124385627,0.33428248002807126,0.3318134087280724
0.0007514336396223786,0.9964654450055549,0.33390411124385627,0.33428248002807126,0.3318134087280724
0.0007134299416163836,0.9966166204455815,0.33390411124385627,0.33428248002807126,0.3318134087280724
0.0006767668008079708,0.9967631195405742,0.33390411124385627,0.33428248002807126,0.3318134087280724
0.0006414478009711955,0.9969049177474265,0.33390411124385627,0.33428248002807126,0.3318134087280724
0.0006074704635110617,0.9970420107133907,0.33390411124385627,0.33428248002807126,0.3318134087280724
0.0005748269043270859,0.9971744121971644,0.33390411124385627,0.33428248002807126,0.3318134087280724
0.000543504447022225,0.9973021521244829,0.33390411124385627,0.33428248002807126,0.3318134087280724
0.0005134861938008717,0.9974252747741097,0.33390411124385627,0.33428248002807126,0.3318134087280724
0.0004847515555544968,0.9975438370897917,0.33390411124385627,0.33428248002807126,0.3318134087280724
0.00045727674269446794,0.9976579071134235,0.33390411124385627,0.33428248002807126,0.3318134087280724
0.0004310352183730659,0.9977675625343945,0.33390411124385627,0.33428248002807126,0.3318134087280724
0.0004059981157923387,0.997872889350048,0.33390411124385627,0.33428248002807126,0.3318134087280724
0.00038213462130476383,0.9979739806319928,0.33390411124385627,0.33428248002807126,0.3318134087280724
0.00035941232505221077,0.9980709353930145,0.33390411124385627,0.33428248002807126,0.3318134087280724
0.0003377975408684897,0.9981638575493362,0.33390411124385627,0.33428248002807126,0.3318134087280724
0.0003172555971634461,0.9982528549729669,0.33390411124385627,0.33428248002807126,0.3318134087280724
0.0002977511004841338,0.998338038628989,0.33390411124385627,0.33428248002807126,0.3318134087280724
0.00027924817342617203,0.9984195217927843,0.33390411124385627,0.33428248002807126,0.3318134087280724
0.0002617106685010029,0.9984974193421366,0.33390411124385627,0.33428248002807126,0.3318134087280724
0.00024510235955466086,0.9985718471195385,0.33390411124385627,0.33428248002807126,0.3318134087280724
0.00022938711225639619,0.998642921359983,0.33390411124385627,0.33428248002807126,0.3318134087280724
0.00021452903512853005,0.9987107581797594,0.33390411124385627,0.33428248002807126,0.3318134087280724
0.00020049261253729522,0.9987754731219798,0.33390411124385627,0.33428248002807126,0.3318134087280724
0.00018724282099713552,0.9988371807547032,0.33390411124385627,0.33428248002807126,0.3318134087280724
0.00017474523007232623,0.9988959943176693,0.33390411124385627,0.33428248002807126,0.3318134087280724
0.00016296608912580446,0.9989520254139871,0.33390411124385627,0.33428248002807126,0.3318134087280724
0.00015187240106351307,0.9990053837431178,0.33390411124385627,0.33428248002807126,0.3318134087280724
0.00014143198418425929,0.9990561768718373,0.33390411124385627,0.33428248002807126,0.3318134087280724
0.00013161352318913355,0.9991045100399925,0.33390411124385627,0.33428248002807126,0.3318134087280724
0.00012238661031338527,0.9991504859979953,0.33390411124385627,0.33428248002807126,0.3318134087280724
0.00011372177751833856,0.9991942048732855,0.33390411124385627,0.33428248002807126,0.3318134087280724
0.00010559052060554741,0.9992357640631232,0.33390411124385627,0.33428248002807126,0.3318134087280724
9.796531604544523e-05,0.9992752581511333,0.33390411124385627,0.33428248002807126,0.3318134087280724
9.081963129387027e-05,0.9993127788453956,0.33390411124385627,0.33428248002807126,0.3318134087280724
8.412792928491619e-05,0.9993484149358772,0.33390411124385627,0.33428248002807126,0.3318134087280724
7.786566775214165e-05,0.9993822522691804,0.33390411124385627,0.33428248002807126,0.3318134087280724
7.200929397566114e-05,0.999414373738745,0.33390411124385627,0.33428248002807126,0.3318134087280724
6.653623552599353e-05,0.9994448592888704,0.33390411124385627,0.33428248002807126,0.3318134087280724
6.142488749072417e-05,0.9994737859307675,0.33390411124385627,0.33428248002807126,0.3318134087280724
5.665459667747452e-05,0.9995012277693931,0.33390411124385627,0.33428248002807126,0.3318134087280724
5.220564321184451e-05,0.9995272560395431,0.33390411124385627,0.33428248002807126,0.3318134087280724
4.80592199323393e-05,0.9995519391500832,0.33390411124385627,0.33428248002807126,0.3318134087280724
4.4197409930779585e-05,0.9995753427350839,0.33390411124385627,0.33428248002807126,0.3318134087280724
4.060316257448182e-05,0.9995975297108873,0.33390411124385627,0.33428248002807126,0.3318134087280724
3.726026830086493e-05,0.9996185603381365,0.33390411124385627,0.33428248002807126,0.3318134087280724
3.415333245371244e-05,0.9996384922879088,0.33390411124385627,0.33428248002807126,0.3318134087280724
3.126774840433999e-05,0.9996573807111835,0.33390411124385627,0.33428248002807126,0.3318134087280724
2.8589670158618574e-05,0.9996752783109005,0.33390411124385627,0.33428248002807126,0.3318134087280724
2.610598467467362e-05,0.9996922354160755,0.33390411124385627,0.33428248002807126,0.3318134087280724
2.3804284020600974e-05,0.9997083000572689,0.33390411124385627,0.33428248002807126,0.3318134087280724
2.167283756238092e-05,0.999723518043026,0.33390411124385627,0.33428248002807126,0.3318134087280724
1.9700564288904765e-05,0.9997379330367366,0.33390411124385627,0.33428248002807126,0.3318134087280724
1.7877005403232893e-05,0.9997515866335717,0.33390411124385627,0.33428248002807126,0.3318134087280724
1.6192297284667312e-05,0.9997645184371525,0.33390411124385627,0.33428248002807126,0.3318134087280724
1.4637144892581944e-05,0.9997767661355595,0.33390411124385627,0.33428248002807126,0.3318134087280724
1.3202795710043347e-05,0.9997883655765395,0.33390411124385627,0.33428248002807126,0.3318134087280724
1.1881014273296131e-05,0.9997993508415604,0.33390411124385627,0.33428248002807126,0.3318134087280724
1.0664057341069899e-05,0.999809754318557,0.33390411124385627,0.33428248002807126,0.3318134087280724
9.5446497538898e-06,0.9998196067732185,0.33390411124385627,0.33428248002807126,0.3318134087280724
8.515961012700579e-06,0.9998289374186371,0.33390411124385627,0.33428248002807126,0.3318134087280724
7.57158261077695e-06,0.9998377739832451,0.33390411124385627,0.33428248002807126,0.3318134087280724
6.7055061190313126e-06,0.9998461427768814,0.33390411124385627,0.33428248002807126,0.3318134087280724
5.912102062244351e-06,0.9998540687549631,0.33390411124385627,0.33428248002807126,0.3318134087280724
5.186099578002867e-06,0.999861575580686,0.33390411124385627,0.33428248002807126,0.3318134087280724
4.522566867892763e-06,0.999868685685225,0.33390411124385627,0.33428248002807126,0.3318134087280724
3.9168924360621915e-06,0.9998754203258832,0.33390411124385627,0.33428248002807126,0.3318134087280724
3.3647671127123857e-06,0.9998817996421994,0.33390411124385627,0.33428248002807126,0.3318134087280724
2.862166850747805e-06,0.9998878427100002,0.33390411124385627,0.33428248002807126,0.3318134087280724
2.405336288702209e-06,0.9998935675934075,0.33390411124385627,0.33428248002807126,0.3318134087280724
1.990773060400741e-06,0.9998989913948151,0.33390411124385627,0.33428248002807126,0.3318134087280724
1.615212844141567e-06,0.9999041303028725,0.33390411124385627,0.33428248002807126,0.3318134087280724
1.2756151196446908e-06,0.9999089996384763,0.33390411124385627,0.33428248002807126,0.3318134087280724
9.691496308805725e-07,0.9999136138988294,0.33390411124385627,0.33428248002807126,0.3318134087280724
6.931835180301604e-07,0.9999179867996011,0.33390411124385627,0.33428248002807126,0.3318134087280724
4.452691118039809e-07,0.9999221313152413,0.33390411124385627,0.33428248002807126,0.3318134087280724
2.2313236003324022e-07,0.9999260597174856,0.33390411124385627,0.33428248002807126,0.3318134087280724
2.4661862996211426e-08,0.9999297836120886,0.33390411124385627,0.33428248002807126,0.3318134087280724
-1.5210149617583824e-07,0.9999333139738814,0.33390411124385627,0.33428248002807126,0.3318134087280724
-3.089743604300921e-07,0.9999366611801684,0.33390411124385627,0.33428248002807126,0.3318134087280724
-4.476401597175439e-07,0.9999398350425088,0.33390411124385627,0.33428248002807126,0.3318134087280724
-5.696578528890939e-07,0.9999428448370025,0.33390411124385627,0.33428248002807126,0.3318134087280724
-6.76470167992882e-07,0.9999456993330601,0.33390411124385627,0.33428248002807126,0.3318134087280724
-7.694113715039919e-07,0.9999484068207509,0.33390411124385627,0.33428248002807126,0.3318134087280724
-8.497145729258193e-07,0.9999509751368024,0.33390411124385627,0.33428248002807126,0.3318134087280724
-9.185186083948693e-07,0.9999534116892491,0.33390411124385627,0.33428248002807126,0.3318134087280724
-9.768745011795588e-07,0.9999557234808402,0.33390411124385627,0.33428248002807126,0.3318134087280724
-1.0257515320466482e-06,0.9999579171312579,0.33390411124385627,0.33428248002807126,0.3318134087280724
0.0006676957539669681,1.0007728581303137,0.33389803320286227,0.33428333609582495,0.3318186307013128
0.0019157610110634993,1.0027165377855258,0.3338739739244084,0.33428925488230565,0.3318367711932859
0.0028448029497587513,1.0050588612942672,0.333824481300518,0.3343039377181428,0.3318715809813392
0.0035030447052410985,1.0076764598919512,0.33374525504047275,0.3343310534099788,0.3319236915495484
0.005996700532098109,1.0113952525006593,0.3336158478259458,0.33437585827672134,0.33200829389733283
0.01075579803894311,1.0164077848024136,0.3333981807178338,0.33444529242205634,0.33215652686010994
0.01537525739485146,1.0214009464775358,0.33306111307849384,0.3345451210866648,0.33239376583484137
0.019526202413125415,1.0259348811912214,0.3325826124635141,0.3346792702830143,0.3327381172534717
0.02351167058356962,1.0302550724872481,0.33194564455516196,0.33485050180084464,0.3332038536439934
0.02729927917140995,1.034351070500194,0.3311377675395846,0.3350605277598589,0.33380170470055653
0.030889837528432773,1.0382241746529564,0.3301502817826527,0.3353102279222677,0.3345394902950797
0.03429856386902708,1.0418887763131552,0.3289780721405009,0.33559952061396947,0.33542240724552963
0.03952294406245582,1.0460496453820092,0.32760087507863106,0.3359287010035821,0.3364704239177869
0.047032816517845966,1.0509295416716506,0.3259809750423096,0.3362987330107718,0.3377202919469186
0.05447061452641733,1.055490854427505,0.32408829723069105,0.33670875231225034,0.33920295045705856
0.061442834371178146,1.059412323437022,0.32190197210656074,0.33715616540624543,0.34094186248719377
0.0701510196581192,1.0635146742384833,0.3193915041842039,0.3376370923004577,0.3429714035153385
0.08104860035386174,1.0679964759922294,0.31651252144166353,0.33814491152913284,0.3453425670292037
0.09181836160785295,1.0720057388223894,0.3132302071268312,0.3386726319951102,0.3480971608780586
0.10203487144553025,1.0753087948731188,0.30952358029894844,0.3392095246295349,0.35126689507151665
0.11382861642119801,1.078589800995998,0.3053612311411968,0.3397450479443909,0.35489372091441224
0.1276804685816817,1.0820217470027633,0.3007075028403237,0.34025678415476923,0.35903571300490705
0.1413463015959372,1.0849652854597023,0.29553443442875815,0.34072734574333047,0.36373821982791144
0.15436605463595388,1.0872649190333818,0.289830374742195,0.34113283719041604,0.369036788067389
0.16684400360020324,1.0890935517636142,0.28359566533007574,0.3414463577804456,0.37495797688947874
0.17875602768238374,1.090513810138096,0.27683726093194744,0.34164840411751995,0.3815143349505327
0.19204288590126772,1.0918908675023384,0.26957047232841186,0.3416873441143688,0.3887421835572193
0.2072554629402259,1.093339887221633,0.2617854459650835,0.34153290147471077,0.39668165256020577
0.22228826655884393,1.0944961153893655,0.2534834553025905,0.3411615409704022,0.40535500372700733
0.23664603358778225,1.0952833310570183,0.24470544030627725,0.34049493847148105,0.41479962122224173
0.25221503478303053,1.0959549687107168,0.235452771639498,0.33952670370541554,0.4250205246550865
0.26954444490123886,1.0965634879259414,0.22576697822257286,0.33815254180203147,0.4360804799753956
0.2866529826272397,1.0969365629409524,0.2156836748609109,0.3363657626831583,0.44795056245593073
0.30485409038023004,1.0971109237433017,0.20519595537210097,0.3340999945718135,0.46070405005608545
0.3246771848740927,1.0971278924781862,0.1943848672152068,0.33123543733805894,0.47437969544673425
0.34419878278891525,1.0969383294820887,0.1832690370551872,0.3278053339953904,0.4889256289494223
0.3629111338736809,1.0965978797651112,0.1719418978947289,0.3237018809175137,0.5043562211877574
0.38246903858518544,1.096091986914568,0.1604934390220791,0.31880275174449557,0.5207038092334253
0.4034525716304821,1.0953804464080097,0.14897863697955038,0.31312778481014997,0.5378935782102996
0.4241375023747901,1.0945861960433227,0.13745760762779746,0.3067235898982097,0.555818802473993
0.444006822212497,1.093810026633442,0.12605168618955512,0.29947913288734074,0.5744691809231043
0.4629219631669972,1.0931085244040013,0.11487865779320956,0.29127074503588213,0.5938505971709084
0.48087565818995814,1.0925195125495508,0.10401232602366842,0.28223958993259135,0.6137480840437401
0.49950870581062856,1.091820861811289,0.09354009166123738,0.2724174227581477,0.6340424855806149
0.5194470831853031,1.0908733954567176,0.08358013124778386,0.26198468797194213,0.654435180780274
0.5392158614096139,1.0899551823061446,0.07408991930898487,0.25087784851287603,0.6750322321781392
0.5583093045835007,1.0892149429420586,0.06519645215058938,0.23915820138976848,0.6956453464596422
0.5767863392473263,1.089248547372455,0.056943857121936774,0.2269261084151807,0.7161300344628825
0.5943348398400321,1.0903116176115337,0.049375548658927335,0.21409352004745988,0.7365309312936128
0.610834987565047,1.0921763547165733,0.04249011171895995,0.20101127636868713,0.7564986119123529
0.626489076979186,1.0947712384633537,0.036290141150951145,0.1878149837334824,0.7758948751155663
0.6414850227363026,1.0984845905317304,0.03076385417555788,0.17463984729814672,0.7945962985262953
0.6556567140015391,1.1034884838432444,0.025887207775318805,0.16161677140802416,0.812496020816657
0.6688951766424248,1.10943302069679,0.02166245788816933,0.14911764757402265,0.8292198945378081
0.6816980999156533,1.1167403377213967,0.017999423565984326,0.1369657682857136,0.845034808148302
0.6936753596517988,1.1254195899055537,0.014827586465528538,0.12525802018643845,0.8599143933480329
0.7049059046829959,1.135133865980159,0.012132432367514986,0.11406764827964068,0.8737999193528443
0.7155029388661135,1.1456284023895924,0.009862196484900897,0.10345647160178564,0.8866813319133134
0.7257279777958159,1.1572242975971065,0.007965747937069913,0.09346883158659351,0.8985654204763367
0.7353510973798401,1.1700035549480254,0.006394205977088213,0.08413355383784035,0.9094722401850714
0.7442957926840547,1.1835711347520208,0.005103100223458084,0.0752610860562959,0.919635813720246
0.7527727248097612,1.1977139185601045,0.004048880112918535,0.0670995317622976,0.9288515881247837
0.7609548849766403,1.212716456532299,0.0031942392723528753,0.05963452649176289,0.9371712342358841
0.7686886600429964,1.2286988090382096,0.002506143789530415,0.05284274729460757,0.944651108915862
0.7758153566852055,1.2452533846006746,0.0019558122516537433,0.04669413212571507,0.9513500556226312
0.7825796059683652,1.2621926663537915,0.0015184608234232787,0.04115324156217171,0.957328297614405
0.788863734897032,1.279241439120016,0.0011730299788773363,0.03618127670964261,0.9626456933114801
0.795082368193362,1.2968134231883903,0.0009083611630471036,0.03196839446577576,0.9671232443711771
0.8009087727025869,1.315002889395728,0.000697266712442307,0.0281832596005875,0.9711194736869702
0.8062876375843975,1.3334992227041924,0.0005327351982109338,0.024794096953007477,0.9746731678487816
0.8113367202005943,1.3521083540131398,0.00040517918850700957,0.021769303775609896,0.9778255170358832
0.8163060244667948,1.3711587729319539,0.0003067931711449125,0.019077641011539324,0.9806155658173157
0.8210285511362226,1.3907958816637807,0.0002312818292499246,0.016689008993051823,0.9830797091776984
0.825308470443968,1.4106678453577521,0.00017360944226971081,0.01457490302444458,0.9852514875332857
0.8293331717655016,1.4306127325196298,0.0001297711154999388,0.01270839353262916,0.9871618353518709
0.8333122019871672,1.4509286325138964,9.660108258447282e-05,0.011064178872249208,0.9888392200451663
0.8371370972569981,1.4717779274944796,0.0050000000000000044,0.0050000000000000044,0.99
0.8405477254238591,1.4928005054445042,0.0050000000000000044,0.0050000000000000044,0.99
0.8437374401994644,1.5138454560481356,0.0050000000000000044,0.0050000000000000044,0.99
0.8465918086180587,1.5346725968737502,0.0050000000000000044,0.0050000000000000044,0.99
0.8492208548440177,1.5551622598126666,0.0050000000000000044,0.0050000000000000044,0.99
0.851932920611138,1.5756913212071018,0.0050000000000000044,0.0050000000000000044,0.99
0.8546056719484861,1.5964638505835982,0.0050000000000000044,0.0050000000000000044,0.99
0.8569554193622333,1.6171851461990934,0.0050000000000000044,0.0050000000000000044,0.99
0.859127748618363,1.6377423970402112,0.0050000000000000044,0.0050000000000000044,0.99
0.8610226363326342,1.657940637424311,0.0050000000000000044,0.0050000000000000044,0.99
0.8627251406140636,1.6776830618097018,0.0050000000000000044,0.0050000000000000044,0.99
0.8628137352597949,1.697053561633864,0.0050000000000000044,0.0050000000000000044,0.99
0.86080389052174,1.716153409893656,0.0050000000000000044,0.0050000000000000044,0.99
0.8578219589171221,1.734668451912869,0.0050000000000000044,0.0050000000000000044,0.99
0.8543366115713814,1.7523675251853308,0.0050000000000000044,0.0050000000000000044,0.99
0.8507126304109457,1.7691855746248613,0.0050000000000000044,0.0050000000000000044,0.99
0.847084335666016,1.785076352868792,0.0050000000000000044,0.0050000000000000044,0.99
0.8421642754152284,1.8002111052503726,0.0050000000000000044,0.0050000000000000044,0.99
0.8354507937997586,1.814753907615083,0.0050000000000000044,0.0050000000000000044,0.99
0.828106201320721,1.8285345934628918,0.0050000000000000044,0.0050000000000000044,0.99
0.820571003527242,1.8414093960570197,0.0050000000000000044,0.0050000000000000044,0.99
0.8117967875960526,1.8535266028827468,0.0050000000000000044,0.0050000000000000044,0.99
0.8013537600455288,1.8650329509354087,0.0050000000000000044,0.0050000000000000044,0.99
0.7904726498152266,1.8758100485853229,0.0050000000000000044,0.0050000000000000044,0.99
0.7796054673304389,1.885742580877213,0.0050000000000000044,0.0050000000000000044,0.99
0.7677009646770787,1.8949773646253794,0.0050000000000000044,0.0050000000000000044,0.99
0.754314869885467,1.9036632609931459,0.0050000000000000044,0.0050000000000000044,0.99
0.74067775155687,1.9117241715513762,0.0050000000000000044,0.0050000000000000044,0.99
0.727235499696779,1.9190684489880696,0.0050000000000000044,0.0050000000000000044,0.99
0.7143205727590424,1.9257480759402967,0.0050000000000000044,0.0050000000000000044,0.99
0.7006128184295883,1.9318674092189583,0.0050000000000000044,0.0050000000000000044,0.99
0.6856163737995943,1.9375955513711705,0.0050000000000000044,0.0050000000000000044,0.99
0.6704970263118156,1.9428817396918474,0.0050000000000000044,0.0050000000000000044,0.99
0.6556951093912343,1.9476573229285266,0.0050000000000000044,0.0050000000000000044,0.99
0.6400918605226679,1.952009767809927,0.0050000000000000044,0.0050000000000000044,0.99
0.6232062142678756,1.9560531631121658,0.0050000000000000044,0.0050000000000000044,0.99
0.6062729203059969,1.959768783747971,0.0050000000000000044,0.0050000000000000044,0.99
0.5897436798519178,1.963092317372983,0.0050000000000000044,0.0050000000000000044,0.99
0.5744532660010861,1.9666340880323376,0.0050000000000000044,0.0050000000000000044,0.99
0.5603987668675465,1.9707137567449384,0.0050000000000000044,0.0050000000000000044,0.99
0.5470614704459883,1.975118163310464,0.0050000000000000044,0.0050000000000000044,0.99
0.5344115776755466,1.979827298866547,0.0050000000000000044,0.0050000000000000044,0.99
0.5228678678415528,1.9852944031873248,0.0050000000000000044,0.0050000000000000044,0.99
0.5123557999340294,1.9917599742634882,0.0050000000000000044,0.0050000000000000044,0.99
0.5022549728878946,1.9988813916973998,0.0050000000000000044,0.0050000000000000044,0.99
0.4925337780294039,2.006554192500931,0.0050000000000000044,0.0050000000000000044,0.99
0.4816474619016271,2.014541680035731,0.0050000000000000044,0.0050000000000000044,0.99
0.4690296741426727,2.0227727695788027,0.0050000000000000044,0.0050000000000000044,0.99
0.4559029418561872,2.0311496696072666,0.0050000000000000044,0.0050000000000000044,0.99
0.44277734698345317,2.039528843670841,0.0050000000000000044,0.0050000000000000044,0.99
0.428545474275956,2.047778055632191,0.0050000000000000044,0.0050000000000000044,0.99
0.41274192641364515,2.05585939142088,0.0050000000000000044,0.0050000000000000044,0.99
0.3966634870495487,2.063786971037892,0.0050000000000000044,0.0050000000000000044,0.99
0.3808249070890961,2.07148895356097,0.0050000000000000044,0.0050000000000000044,0.99
0.36411811849500286,2.07885907384705,0.0050000000000000044,0.0050000000000000044,0.99
0.34605672723243674,2.0858859702040027,0.0050000000000000044,0.0050000000000000044,0.99
0.3279142466188626,2.09265696591022,0.0050000000000000044,0.0050000000000000044,0.99
0.30880217531006215,2.0990244459749525,0.0050000000000000044,0.0050000000000000044,0.99
0.28839666996890356,2.1050087680316896,0.0050000000000000044,0.0050000000000000044,0.99
0.26800578105785244,2.1107339585132596,0.0050000000000000044,0.0050000000000000044,0.99
0.24815500331663976,2.116211718085557,0.0050000000000000044,0.0050000000000000044,0.99
0.2290983146506873,2.1214733023222534,0.0050000000000000044,0.0050000000000000044,0.99
0.2109131340656497,2.1265227308591603,0.0050000000000000044,0.0050000000000000044,0.99
0.1922559161531423,2.131187350223026,0.0050000000000000044,0.0050000000000000044,0.99
0.17252239478025488,2.135441631720267,0.0050000000000000044,0.0050000000000000044,0.99
0.15289600851828067,2.1394790107184827,0.0050000000000000044,0.0050000000000000044,0.99
0.13384169466661666,2.143343258215794,0.0050000000000000044,0.0050000000000000044,0.99
0.11423030457028527,2.146860740000931,0.0050000000000000044,0.0050000000000000044,0.99
0.09353698974382707,2.149994192507542,0.0050000000000000044,0.0050000000000000044,0.99
0.07296818055670518,2.152978448045711,0.0050000000000000044,0.0050000000000000044,0.99
0.053001652066735905,2.1558765480687336,0.0050000000000000044,0.0050000000000000044,0.99
0.033843464250131516,2.158723603697978,0.004674493182830914,0.005349843157634664,0.9899756636595345
0.014242713298378562,2.1612707464374905,0.004411976582770526,0.005756337332391619,0.9898316860848377
-0.006375610100223916,2.163451563371105,0.004204489085577684,0.0062283377496379,0.9895671731647844
-0.026856533472500166,2.1655379983111906,0.004045847838839064,0.0067763884419996135,0.9891777637191613
-0.04673628143054076,2.16761383844869,0.003931248335889182,0.007412951247705149,0.9886558004164056
-0.0650635078166516,2.1704776204591796,0.0038569755331080697,0.00815280777846353,0.9879902166884285
-0.08172071889591714,2.174489247210406,0.003820193409703994,0.00901348469795354,0.9871663218923425
-0.09757586047962852,2.1791102974954457,0.0038189295690042708,0.010015748316991965,0.9861653221140038
-0.11205246956770443,2.1849597942381607,0.003851920412311789,0.011184295531241794,0.9849637840564465
-0.1251924510621122,2.1922309033955965,0.003918719522879506,0.012548864888179093,0.9835324155889413
-0.13790107343315317,2.200266189714941,0.00401980797949339,0.014145382251839582,0.9818348097686671
-0.150373683050546,2.2088120203671155,0.004156415582330658,0.01601693386215497,0.9798266505555144
-0.1618958186000291,2.218454503767349,0.004330513417554719,0.018215551745493566,0.9774539348369516
-0.17235235589456577,2.2294273051417393,0.004544726895335436,0.020804052313387944,0.9746512207912765
-0.1826147550038092,2.241030352112042,0.004802430808251485,0.023858037923054916,0.9713395312686935
-0.1928485010073464,2.2529950716438623,0.0051079209839405585,0.027468688138662038,0.9674233908773974
-0.20310494515113053,2.2650862918695664,0.005466667746293715,0.031746347827292284,0.962786984426414
-0.2125284403832839,2.277995554109304,0.005884954113598183,0.03682376596344305,0.9572912799229588
-0.22095549296195027,2.291991515019271,0.006369556867602495,0.04285938087515171,0.9507710622572458
-0.2292488207010709,2.3063760314924897,0.006928155418253112,0.05004218364642529,0.9430296609353216
-0.23758012700517395,2.320888272565792,0.007569366169560739,0.058596255865126415,0.9338343779653129
-0.24518345204703818,2.336164529151023,0.008302151445489767,0.06878462244701479,0.9229132261074955
-0.2518954654976747,2.3524666351033847,0.00913553817569106,0.08091372011617637,0.9099507417081326
-0.2585877593243807,2.3690676498169516,0.010078501045946275,0.09533519277833558,0.8945863061757182
-0.26656669805178823,2.385413803224475,0.011139941480879191,0.11244458418421807,0.8764154743349027
-0.2764480286014227,2.4012174582497368,0.012328605121637179,0.13267607510315685,0.854995319775206
-0.28721911632519925,2.416672802720375,0.013651344713930213,0.15648513051549895,0.8298635247705709
-0.29837021305780564,2.431791043997391,0.015111013924617112,0.18431831989056632,0.8005706661848165
-0.3107099047991575,2.446263764124129,0.01670547016432522,0.21657236884777512,0.7667221609878997
-0.3246285438392781,2.4599761359372616,0.018426297831780174,0.25353711350657004,0.7280365886616498
-0.33910510572541297,2.4731940131258776,0.020255805419092866,0.29531902863593507,0.684425165944972
-0.3536388893094815,2.485983631331302,0.022164815442933243,0.3417588263957406,0.6360763581613261
-0.36901880409744314,2.498084786598006,0.02411371262238105,0.3923644605554162,0.5835218268222027
-0.38565097787808045,2.509415690102128,0.026055384609755334,0.4462756225453548,0.5276689928448899
-0.4025887213008965,2.52025955794807,0.027937392323601706,0.5022731941594695,0.4697894135169288
-0.4204000116622735,2.530437876590938,0.029709106240304792,0.5588639939786968,0.4114268997809984
-0.4393879484781805,2.539913660654492,0.03132927688372845,0.6144257127741358,0.3542450103421358
-0.4586026466416995,2.548981476858938,0.03277037510363962,0.667384919568985,0.2998447053273754
-0.4775791759344158,2.55773127582306,0.034021449380657424,0.716392791067822,0.2495857595515204
-0.49705765531413415,2.5659315764956454,0.035090971914839966,0.7604593585847133,0.20444966950044668
-0.5174476592749381,2.573513244898091,0.03600610711563207,0.7990140988306295,0.16497979405373844
-0.5379060241041629,2.5807554700268174,0.03680681035451103,0.8318917940725565,0.13130139557293255
-0.5580173953866937,2.5877446663661603,0.037540121412889,0.8592645095674455,0.10319536901966551
-0.5785049533379563,2.5942579216573236,0.03825776938940424,0.8815447195785107,0.08019751103208521
-0.5997830568230511,2.600228784942234,0.03901420047690559,0.8992843089328668,0.06170149059022764
-0.6210664567279005,2.6059292310403315,0.03986254164321792,0.9130892620757798,0.047048196281002215
-0.6419621592716399,2.611444661030315,0.04085345249581583,0.9235567133961993,0.035589834107984934
-0.6622577153401331,2.6167998071850525,0.0420349333480743,0.9312341455372062,0.026730921114719405
-0.6818405129425119,2.621986999489938,0.043453294458624,0.936597604285967,0.019949101255408913
-0.7006487705407607,2.6269903747208754,0.045154660310963775,0.9400433057103196,0.014802033978716532
-0.7186502471543309,2.6317933607305304,0.04718677871916841,0.9418879876258502,0.010925233654981327
-0.73497023423289,2.63746445847664,0.049597202351229226,0.9423780407924544,0.008024756856316423
-0.7494483264845797,2.644477615805419,0.05244770189113579,0.941950914584164,0.005601383524700106
-0.7630735472932079,2.6519641028959167,0.05577039969312833,0.9403372114219583,0.003892388884913412
-0.7761628589432977,2.659608864115285,0.05962871198315515,0.937677854349051,0.002693433667793818
-0.7888596090427946,2.6671897459269758,0.06409491560961042,0.9340487996698424,0.0018562847205470844
-0.8011857092135061,2.6745968814418584,0.06925167075832103,0.9294739914546022,0.001274337787076794
-0.8131266965304975,2.6817625103376694,0.07519377345457273,0.9239347459033161,0.0008714806421110742
-0.8246538627968246,2.688648546298858,0.08202931503749579,0.9173769702362842,0.0005937147262201163
-0.8357388363117296,2.695233258673751,0.08988092262610554,0.9097161362327244,0.0004029411411701679
-0.847163737576885,2.701315043536915,0.09889211485572424,0.9008354768778876,0.00027240826638810073
-0.8594196538232073,2.7068493620344167,0.10923246377210141,0.8905841113519969,0.0001834248759016686
-0.8719488406979895,2.7120591373189677,0.12109556398222299,0.8787814431258781,0.00012299289189876515
-0.8852309892849359,2.7168446931862347,0.13470442078197278,0.8652134729065764,8.21063114508905e-05
-0.8995827756241178,2.7212028286286722,0.15031512490041335,0.8496303243531729,5.455074641379531e-05
-0.9143650208565132,2.7253510203179125,0.16821060841062424,0.831753336030647,3.605555872867372e-05
-0.9292099561343509,2.7293597499854703,0.18869063473325115,0.8112856688975918,2.369636915697996e-05
-0.9446464723879106,2.733088152868166,0.2120684247164108,0.787916098787225,1.5476496364081946e-05
-0.9610239419781424,2.736498838181245,0.23866170340304968,0.7613282591236658,1.0037473284526354e-05
-0.9777495772978327,2.7397727749814007,0.2687622596043214,0.7312312814330602,6.4589626184221985e-06
-0.9936114614714794,2.744163871696911,0.3025832742571173,0.6974126060170805,4.119725802045887e-06
-1.0082152779831102,2.7502090671658443,0.34020697587288956,0.6597904222868987,2.601840211817943e-06
-1.0223989070598967,2.756908083707025,0.38154857418304844,0.6184498006099767,1.6252069748460538e-06
-1.0363804958328355,2.7638772683505417,0.42631693213017446,0.5736820649919435,1.00287788192429e-06
-1.0509342642476915,2.770722121997468,0.4739995519331495,0.5259998374373013,6.106295493326154e-07
-1.0665048562710007,2.777285081638635,0.5238597365918918,0.47613989698668624,3.6642142185154095e-07
-1.0825879320307235,2.783637829225439,0.574942936377085,0.4250568471555868,2.1646732821864708e-07
-1.0995363809294265,2.7896697243445985,0.6261371826392064,0.37386269158134144,1.2577945220298253e-07
-1.117588459733966,2.7953543982895037,0.6762622903089157,0.3237376378623791,7.182870525400812e-08
-1.1361587026114202,2.8008095444524272,0.7241604418845393,0.2758395178225524,4.029290822315056e-08
-1.1548631158587481,2.806060048377706,0.7687978909019241,0.23120208690047295,2.2197602915220622e-08
-1.173430124729511,2.8111098439730395,0.8093586263148997,0.19064136167434984,1.2010750431110907e-08
-1.1916670963551819,2.81595058012022,0.84530767712547,0.15469231648930445,6.3852255965228476e-09
-1.2085738824843881,2.82188091207422,0.8764029705501473,0.12359702611248731,3.3373653233486466e-09
-1.2238776849395236,2.829452845463943,0.9026803601028068,0.0973196381807565,1.716436757049545e-09
-1.2384979994379632,2.8375552361575687,0.9244103838094125,0.07558961532108073,8.695067981930714e-10
-1.2527145300274558,2.8457663043186527,0.9420277120288663,0.05797228753684578,4.3428798363354155e-10
-1.2666277002592636,2.853817409218258,0.9560574992844282,0.043942500501500004,2.1407186780830938e-10
-1.280223454812593,2.861584930625829,0.9670516266938879,0.03294837320187883,1.0423326681849479e-10
-1.2934534303890488,2.8690069784940353,0.9755423802295599,0.02445761972026572,5.0174407873438935e-11
-1.3062609481994514,2.8760593765441116,0.9820139588192894,0.0179860411568148,2.389578402827024e-11
-1.3185953333634073,2.8827377442693267,0.9868879939779659,0.013112006010766963,1.126717853211471e-11
-1.3304167252860037,2.889048920569809,0.99,0.0050000000000000044,0.0050000000000000044
-1.3416972172467323,2.8950058497489666,0.99,0.0050000000000000044,0.0050000000000000044
-1.352420122380014,2.9006247090911375,0.99,0.0050000000000000044,0.0050000000000000044
-1.362578533512615,2.9059231905167375,0.99,0.0050000000000000044,0.0050000000000000044
-1.3721736825601951,2.9109194640771605,0.99,0.0050000000000000044,0.0050000000000000044
-1.3812133506336515,2.9156315408824773,0.99,0.0050000000000000044,0.0050000000000000044
-1.3897104331294625,2.9200768835972974,0.99,0.0050000000000000044,0.0050000000000000044
-1.397681695617245,2.924272174864247,0.99,0.0050000000000000044,0.0050000000000000044
-1.405146722353301,2.928233189591078,0.99,0.0050000000000000044,0.0050000000000000044
-1.4121270439983071,2.9319747366376165,0.99,0.0050000000000000044,0.0050000000000000044
-1.418645425012064,2.9355106470384453,0.99,0.0050000000000000044,0.0050000000000000044
-1.4247252896905693,2.938853793046028,0.99,0.0050000000000000044,0.0050000000000000044
-1.430390266499122,2.942016126948823,0.99,0.0050000000000000044,0.0050000000000000044
